W_CATEGORICAL,W_ADVERSARIAL,W_DOMAIN,gl_,al_,cl_,dl_,tl_,acc_source_,acc_target_,acc_source_val_
0.0,0.0,0.0,0.7666114,0.66368055,0.011731896,-0.2478221,0.0,1.0,0.7265625,0.82828283
0.0,0.0,0.1,0.4879866,1.3106631,0.08887008,0.10549374,0.010549374,0.9921875,0.6875,0.7373737
0.0,0.0,0.3,0.42928177,0.756972,0.21669511,0.0045689866,0.001370696,0.9921875,0.59375,0.7171717
0.0,0.0,0.6,0.27357188,1.3786347,0.1866859,0.10016425,0.06009855,0.96875,0.578125,0.7171717
0.0,0.0,0.01,0.47186622,0.7456821,0.10711401,0.041890725,0.00041890724,1.0,0.6875,0.75757575
0.0,0.1,0.0,10.555002,-0.006562449,0.33965558,-0.4764108,-0.0006562449,0.953125,0.5859375,0.6262626
0.0,0.1,0.1,17.128984,-0.11237687,0.14451855,0.114627644,0.00022507738,0.984375,0.6953125,0.7373737
0.0,0.1,0.3,5.720109,0.010346644,0.18435906,0.047198623,0.015194251,0.9765625,0.6875,0.72727275
0.0,0.1,0.6,7.0947948,0.09045944,0.0758224,0.07177259,0.0521095,1.0,0.6171875,0.7777778
0.0,0.1,0.01,26.813889,-0.17743728,0.23020387,0.034722127,-0.017396506,0.9765625,0.6640625,0.74747473
0.0,0.3,0.0,9.142097,-0.033301726,0.2504721,-0.4378255,-0.009990518,0.96875,0.578125,0.6969697
0.0,0.3,0.1,21.550415,-0.17668103,0.08218348,0.1005588,-0.04294843,0.9921875,0.5703125,0.7878788
0.0,0.3,0.3,10.793268,-0.038937707,0.24449314,0.027961314,-0.0032929182,0.9765625,0.671875,0.7070707
0.0,0.3,0.6,17.112736,-0.12137599,0.2163804,-0.026189923,-0.05212675,0.9765625,0.546875,0.75757575
0.0,0.3,0.01,9.281469,-0.054351,0.20124939,0.010528352,-0.016200015,0.9921875,0.6171875,0.7676768
0.0,0.6,0.0,11.018521,-0.00021406636,0.21419224,-0.50550586,-0.00012843982,0.96875,0.609375,0.6666667
0.0,0.6,0.1,7.87057,-0.021958403,0.119748406,0.07760251,-0.005414791,0.984375,0.6484375,0.7171717
0.0,0.6,0.3,9.774702,-0.0533533,0.15576649,-0.25146773,-0.1074523,0.984375,0.6171875,0.7373737
0.0,0.6,0.6,16.311344,-0.03832543,0.16811204,0.01916517,-0.0114961555,0.9765625,0.6796875,0.75757575
0.0,0.6,0.01,24.818384,-0.21372382,0.18996555,-0.16495548,-0.12988386,0.9765625,0.6015625,0.7171717
0.0,0.01,0.0,10.818977,0.019181006,0.2106036,-0.5286248,0.00019181005,0.984375,0.6640625,0.7676768
0.0,0.01,0.1,5.1964293,0.053045414,0.10387161,0.030739274,0.0036043816,1.0,0.6640625,0.74747473
0.0,0.01,0.3,4.2285814,0.061991453,0.15214369,0.0409056,0.012891594,0.9765625,0.6875,0.7676768
0.0,0.01,0.6,1.8020825,0.4508137,0.13692231,0.03443881,0.025171425,1.0,0.609375,0.72727275
0.0,0.01,0.01,10.008764,0.018445872,0.0823639,0.07942304,0.0009786891,1.0,0.71875,0.7676768
0.1,0.0,0.0,0.3558891,1.0026989,0.0007095626,-0.3586868,7.095627e-05,1.0,0.8359375,0.9191919
0.1,0.0,0.1,1.0377219,0.46731558,0.0011807953,0.07741377,0.007859456,1.0,0.7421875,0.86868685
0.1,0.0,0.3,0.36388916,1.0128363,0.0022199247,-0.2795158,-0.08363275,1.0,0.71875,0.8787879
0.1,0.0,0.6,0.27406377,1.2096746,0.0062296716,0.074511334,0.04532977,1.0,0.7578125,0.85858583
0.1,0.0,0.01,0.9336102,0.4687976,0.0007968985,0.010245897,0.00018214883,1.0,0.7734375,0.8989899
0.1,0.1,0.0,6.2508707,0.0014815219,0.0015139721,-0.3458383,0.0002995494,1.0,0.8125,0.86868685
0.1,0.1,0.1,15.149062,-0.09500241,0.0015183563,0.053458586,-0.004002548,1.0,0.796875,0.8888889
0.1,0.1,0.3,4.6524124,0.028017897,0.003047675,0.15286937,0.04896737,1.0,0.734375,0.8989899
0.1,0.1,0.6,10.131308,-0.03911351,0.0044430047,0.08573859,0.047976106,1.0,0.7890625,0.8484849
0.1,0.1,0.01,8.599977,0.017116755,0.00071871147,-0.01889395,0.0015946071,1.0,0.7890625,0.90909094
0.1,0.3,0.0,17.198868,-0.10121383,0.0026519538,-0.321613,-0.030098954,1.0,0.78125,0.8787879
0.1,0.3,0.1,37.306595,-0.39698148,0.0022445987,0.09589897,-0.109280095,1.0,0.78125,0.8989899
0.1,0.3,0.3,16.577148,-0.06751016,0.006126789,0.06588858,0.00012620725,1.0,0.7421875,0.9292929
0.1,0.3,0.6,5.0958853,0.024201494,0.0037139002,0.03380534,0.027915044,1.0,0.7265625,0.8888889
0.1,0.3,0.01,38.668533,-0.24419533,0.0028835535,-0.44737008,-0.07744395,1.0,0.734375,0.85858583
0.1,0.6,0.0,17.95398,-0.14257258,0.0024650963,-0.32199252,-0.08529704,1.0,0.8125,0.8888889
0.1,0.6,0.1,17.638145,-0.069414765,0.0068877162,-0.02912696,-0.043872785,1.0,0.71875,0.8787879
0.1,0.6,0.3,6.956398,-0.001899682,0.0037438152,0.07689582,0.022303319,1.0,0.75,0.8787879
0.1,0.6,0.6,19.72541,-0.12042699,0.007674427,0.046001785,-0.04388769,1.0,0.7734375,0.83838385
0.1,0.6,0.01,14.38662,-0.054699328,0.0029762038,-0.15997413,-0.03412172,1.0,0.8359375,0.86868685
0.1,0.01,0.0,10.5337105,-0.04113737,0.0006548924,-0.3236081,-0.00034588447,1.0,0.8828125,0.8888889
0.1,0.01,0.1,1.6105559,0.19505313,0.0023259395,0.119384386,0.014121564,1.0,0.8125,0.8989899
0.1,0.01,0.3,4.201055,0.048397083,0.0078114374,-0.009697989,-0.0016442823,1.0,0.7265625,0.86868685
0.1,0.01,0.6,3.6684053,0.105004594,0.006988959,0.09194757,0.056917485,1.0,0.7890625,0.8181818
0.1,0.01,0.01,8.142973,-0.0015562773,0.0010080638,-0.0014393888,7.084972e-05,1.0,0.828125,0.8989899
0.3,0.0,0.0,0.6452816,0.70836115,0.0004763587,-0.3510012,0.00014290761,1.0,0.78125,0.8888889
0.3,0.0,0.1,0.36237547,0.89954096,0.0009313258,0.0557979,0.005859188,1.0,0.84375,0.8989899
0.3,0.0,0.3,0.6511037,0.70584047,0.0014332305,-0.011062093,-0.002888659,1.0,0.7578125,0.83838385
0.3,0.0,0.6,0.39856994,1.1113045,0.0045344103,0.04268779,0.026972998,1.0,0.796875,0.86868685
0.3,0.0,0.01,0.31731558,1.002126,0.0006108127,-0.070733376,-0.0005240899,1.0,0.8828125,0.8989899
0.3,0.1,0.0,20.317242,-0.09334573,0.0014380112,-0.40959597,-0.00890317,1.0,0.75,0.8787879
0.3,0.1,0.1,2.613875,0.07226761,0.00080755726,0.052123483,0.012681376,1.0,0.8125,0.9292929
0.3,0.1,0.3,18.008068,-0.11024469,0.0010296851,0.06537438,0.008896752,1.0,0.828125,0.8484849
0.3,0.1,0.6,2.1261015,0.11845933,0.0065869885,-0.06324594,-0.024125535,1.0,0.7109375,0.8080808
0.3,0.1,0.01,6.122615,0.10109626,0.0010340577,-0.14903608,0.008929482,1.0,0.84375,0.85858583
0.3,0.3,0.0,14.554001,-0.08288404,0.0011776653,-0.32024634,-0.024511915,1.0,0.78125,0.8787879
0.3,0.3,0.1,15.736638,-0.102266245,0.00069591316,0.066810355,-0.023790063,1.0,0.828125,0.8787879
0.3,0.3,0.3,27.56791,-0.25138557,0.00131086,0.040825166,-0.06277487,1.0,0.8359375,0.90909094
0.3,0.3,0.6,12.056036,-0.039634988,0.0020378623,0.045618087,0.016091716,1.0,0.7109375,0.8888889
0.3,0.3,0.01,17.942627,-0.032513417,0.00081880065,-0.14073104,-0.010915696,1.0,0.8515625,0.86868685
0.3,0.6,0.0,29.159378,-0.20817593,0.0014258685,-0.36924216,-0.1244778,1.0,0.7890625,0.8888889
0.3,0.6,0.1,52.69938,-0.47646302,0.00077866414,-0.03064156,-0.2887084,1.0,0.7734375,0.82828283
0.3,0.6,0.3,114.33468,-1.0392216,0.0016446225,-0.2338286,-0.6931882,1.0,0.7734375,0.8484849
0.3,0.6,0.6,17.482569,-0.12772658,0.0023350131,0.027216762,-0.059605397,1.0,0.71875,0.8787879
0.3,0.6,0.01,26.303986,-0.16749579,0.0013514354,-0.17798188,-0.10187186,1.0,0.8515625,0.85858583
0.3,0.01,0.0,1.431093,0.20868932,0.0008796458,-0.34896982,0.002350787,1.0,0.8515625,0.90909094
0.3,0.01,0.1,1.663383,0.17667593,0.0007292125,0.06288454,0.008273977,1.0,0.828125,0.85858583
0.3,0.01,0.3,1.4297646,0.20834595,0.0011876272,-0.15321708,-0.043525375,1.0,0.890625,0.8484849
0.3,0.01,0.6,3.9334638,0.24322867,0.0019848691,0.007073693,0.007271963,1.0,0.7578125,0.8484849
0.3,0.01,0.01,1.873817,0.15520957,0.00086615514,-0.08691904,0.0009427518,1.0,0.8203125,0.8989899
0.6,0.0,0.0,0.34478977,1.1228924,0.00063455186,-0.43290842,0.00038073113,1.0,0.8046875,0.8787879
0.6,0.0,0.1,0.54024845,0.7259133,0.0003519071,0.0353952,0.0037506644,1.0,0.796875,0.86868685
0.6,0.0,0.3,1.2882231,0.44399923,0.00059041346,0.013891384,0.0045216633,1.0,0.71875,0.8888889
0.6,0.0,0.6,0.43543792,0.8301639,0.0016453154,0.04662453,0.028961908,1.0,0.7734375,0.8888889
0.6,0.0,0.01,0.8603498,0.595921,0.00079605525,-0.15561204,-0.0010784871,1.0,0.8203125,0.8787879
0.6,0.1,0.0,2.917736,0.06421232,0.0005048797,-0.32514137,0.00672416,1.0,0.8125,0.8888889
0.6,0.1,0.1,6.64459,-0.0004418604,0.00089486816,0.019446142,0.0024373492,1.0,0.796875,0.86868685
0.6,0.1,0.3,7.879406,-0.020834763,0.0008373908,0.070246264,0.019492839,1.0,0.796875,0.8989899
0.6,0.1,0.6,1.9879683,0.12358867,0.0014812686,0.066333234,0.05304757,1.0,0.75,0.8787879
0.6,0.1,0.01,13.180865,-0.056468513,0.0006053314,-0.1725163,-0.007008815,1.0,0.78125,0.85858583
0.6,0.3,0.0,35.763363,-0.26803127,0.0008753985,-0.35209137,-0.07988415,1.0,0.7890625,0.8484849
0.6,0.3,0.1,19.109734,0.014902562,0.0016370555,0.021476954,0.0076006977,1.0,0.765625,0.8787879
0.6,0.3,0.3,16.043053,-0.06333639,0.0018165454,-0.09785535,-0.047267597,1.0,0.75,0.8181818
0.6,0.3,0.6,29.336174,-0.22347273,0.0012643764,0.069530725,-0.024564758,1.0,0.765625,0.8787879
0.6,0.3,0.01,6.930238,-0.0019060075,0.00055613107,-0.16092512,-0.0018473747,1.0,0.7734375,0.8787879
0.6,0.6,0.0,21.544033,-0.06301363,0.0023954147,-0.4164567,-0.03637093,1.0,0.7734375,0.8787879
0.6,0.6,0.1,25.243786,-0.17166889,0.0011507007,-0.034839384,-0.10579485,1.0,0.8125,0.8484849
0.6,0.6,0.3,3.6952915,0.031795837,0.0010391371,0.04039733,0.031820185,1.0,0.8203125,0.8484849
0.6,0.6,0.6,20.36419,-0.05502089,0.0015305851,0.04644901,-0.004224777,1.0,0.7890625,0.8888889
0.6,0.6,0.01,118.205185,-1.0652505,0.0012656844,-0.28397465,-0.64123064,1.0,0.8359375,0.8484849
0.6,0.01,0.0,1.4256487,0.22095029,0.00049137336,-0.36931294,0.0025043269,1.0,0.8125,0.8989899
0.6,0.01,0.1,3.0079908,0.18272312,0.0005162982,0.02450157,0.004587167,1.0,0.8515625,0.8888889
0.6,0.01,0.3,2.1124415,0.5281734,0.0013122328,0.055237513,0.022640329,1.0,0.7890625,0.8989899
0.6,0.01,0.6,3.2104793,0.07561469,0.0016303043,0.03935138,0.02534516,1.0,0.796875,0.8989899
0.6,0.01,0.01,5.6680923,0.08263288,0.0006634132,-0.12393546,-1.4977879e-05,1.0,0.8671875,0.85858583
0.01,0.0,0.0,0.55394363,1.3200223,0.00046293123,-0.39847592,4.629312e-06,1.0,0.828125,0.8787879
0.01,0.0,0.1,0.45404732,0.98138547,0.011856778,0.0331831,0.003436878,1.0,0.71875,0.8888889
0.01,0.0,0.3,0.38592982,1.4419322,0.028673492,0.014303956,0.004577922,1.0,0.703125,0.83838385
0.01,0.0,0.6,0.3096152,1.1006474,0.07428342,0.022998601,0.014541996,1.0,0.703125,0.7777778
0.01,0.0,0.01,0.3756497,0.8260104,0.0067702103,-0.12510288,-0.0011833266,1.0,0.7890625,0.7777778
0.01,0.1,0.0,19.260515,-0.08785251,0.0044700108,-0.5035414,-0.008740551,1.0,0.8515625,0.82828283
0.01,0.1,0.1,40.520287,-0.31275925,0.012157492,0.019791812,-0.029175168,1.0,0.6953125,0.82828283
0.01,0.1,0.3,22.39622,-0.16247076,0.0244843,0.007512696,-0.013748425,1.0,0.703125,0.83838385
0.01,0.1,0.6,13.882046,-0.083755195,0.0915236,-0.047844134,-0.036166765,1.0,0.6953125,0.7979798
0.01,0.1,0.01,14.114588,-0.08709333,0.0032194299,0.011448387,-0.008562655,1.0,0.8125,0.86868685
0.01,0.3,0.0,13.865315,0.01224836,0.024508923,-0.42806977,0.0039195972,1.0,0.71875,0.82828283
0.01,0.3,0.1,39.346817,-0.101589575,0.050914258,-0.03749693,-0.033717424,1.0,0.71875,0.7979798
0.01,0.3,0.3,16.5452,-0.018083408,0.05171774,0.012660002,-0.0011098448,1.0,0.6484375,0.7878788
0.01,0.3,0.6,6.8057566,0.03378375,0.0560148,-0.02639648,-0.005142616,1.0,0.6171875,0.7979798
0.01,0.3,0.01,24.938139,-0.116470315,0.008822689,-0.075003766,-0.03560291,1.0,0.734375,0.83838385
0.01,0.6,0.0,19.013794,-0.022787914,0.024622487,-0.4789552,-0.013426524,1.0,0.765625,0.85858583
0.01,0.6,0.1,23.064684,-0.069737375,0.024522033,-0.017685823,-0.043365788,1.0,0.6796875,0.8080808
0.01,0.6,0.3,20.712013,-0.1805737,0.039339807,-0.0021568201,-0.108597875,1.0,0.6796875,0.75757575
0.01,0.6,0.6,34.83731,-0.31152138,0.08466028,0.039634556,-0.16228549,1.0,0.65625,0.8181818
0.01,0.6,0.01,17.077026,-0.066416815,0.019358108,-0.1067469,-0.04072398,1.0,0.734375,0.7777778
0.01,0.01,0.0,21.029957,-0.09692164,0.0010829649,-0.44229817,-0.0009583867,1.0,0.7578125,0.82828283
0.01,0.01,0.1,4.4073243,0.06367756,0.010575471,0.009951282,0.0017376586,1.0,0.6953125,0.8787879
0.01,0.01,0.3,6.977318,0.042539556,0.04591491,0.011673398,0.0043865643,1.0,0.6640625,0.8484849
0.01,0.01,0.6,3.3462937,0.20372468,0.11974017,-0.02506372,-0.011803584,1.0,0.6484375,0.7676768
0.01,0.01,0.01,38.534668,-0.35248858,0.0010584395,0.06810122,-0.002833289,1.0,0.7890625,0.8787879
